00100000000100010000000000000000
00010010001010010000000000000111
00000000000100010111100010000000
00000001111010101100000000100000
00000001111010111100100000100000
10001111000011000000000000000000
10101111001011000000000000000000
00100010001100010000000000000001
00001000000100000000000000000001
00100000000100010000000000000000
00010010001010010000000000011010
00000001001100011001000000100010
00100000000101000000000000000000
00100000000100110000000000000000
00010010100100100000000000001011
00000000000101000110000010000000
00000001100010110110000000100000
10001101100011010000000000000000
00000000000100110110000010000000
00000001100010110110000000100000
10001101100011100000000000000000
00000001101011100111100000101010
00010101111000000000000000000001
00100010100100110000000000000000
00100010100101000000000000000001
00001000000100000000000000001110
00100010010110011111111111111111
00000000000100110111100010000000
00000001111010110111100000100000
10001101111011010000000000000000
00000000000110011100000010000000
00000011000010111100000000100000
10001111000011100000000000000000
10101101111011100000000000000000
10101111000011010000000000000000
00100010001100010000000000000001
00001000000100000000000000001010
