00100000000100010000000000000000
00100000000000100000000000000100
00100000000000110000000000000001
00010010001010010000000000000111
01110010001000100111100000000010
00000001111010101100000000100000
00000001111010111100100000100000
10001111000011000000000000000000
10101111001011000000000000000000
00100010001100010000000000000001
00001000000100000000000000000011
00100000000100010000000000000000
00010010001010010000000000011010
00000001001100011001000000100010
00100000000101000000000000000000
00100000000100110000000000000000
00010010100100100000000000001011
01110010100000100110000000000010
00000001100010110110000000100000
10001101100011010000000000000000
01110010011000100110000000000010
00000001100010110110000000100000
10001101100011100000000000000000
00000001101011100111100000101010
00010001111000110000000000000001
00100010100100110000000000000000
00100010100101000000000000000001
00001000000100000000000000010000
00100010010110011111111111111111
01110010011000100111100000000010
00000001111010110111100000100000
10001101111011010000000000000000
01110011001000101100000000000010
00000011000010111100000000100000
10001111000011100000000000000000
10101101111011100000000000000000
10101111000011010000000000000000
00100010001100010000000000000001
00001000000100000000000000001100
